$ANSIBLE_VAULT;1.1;AES256
36383536376666643238346535633931383963656434373736636236656436353030663265653831
3461333062646264313339313434306436636233643161650a373866326164346636356262626662
30383961333438663037303337303131666465346162303863376233623764653762326138323139
3436373132323532640a316665393338663335663263303632343438623634393432663465623661
34306433333361353864353937343639303765393538623437393034303664613132323466653466
35383466353131646339613034613134303237303065373536323431366565303861623236663430
66373639646431613637303537656132363738383561646565333537313861613330626236383138
37636632356433633139316437303162373934366361333235376136316266326434643561393836
37333166653439333666376632376164373064666335343561633662316231376437303463313164
62666630376134616563373966656137336232373734633262616134333262363465613333633431
32356139323763663235613430343036636132353439663134333535396462386339346630323966
37333334613231383035373636363161313064303864383265323837326364666366346565333165
34313733626165313236636333316334663531383965346363323332656337376536636633323561
64626664643066613161343232613536343532616264333637373939666561343531316465363861
63646237653435343437633566313031633436636362633163356164633361633938353834666662
38343738303039396166
